root@VNPC1RT-upm1 done]#cat 999.IPor.slu1.0179.1396890067.12.5
ORH:slu100000000010000000001133710741613371075420000000001
SMS|0000005000|3|0|OR_RSLT_UNPROCESSED(0)|||slu1|1410393600|1410393601|1410393603|8491239210552|84914993913|8491239210552|0|84102||2|0|4|50000|30012|||16|4520200003500100|0|0|420|2||0|||||||4520200003500100|APPLYTARIFF_MSG||84912345679|84915048555|BOTH_SUBSCRIBER|201|11|5555555||0|0|1|0||||4520700003500100||1|52|0||||||O|||1|||||||||||||||||||||||||||||||||||||||||||||||||||||234|156|161|164|1||||66818154011|66818154011|0|1||||||
root@VNPC1RT-upm1 done]#
///////////////////////////

root@VNPC1RT-upm1 done]#cat 999.IPor.slu999.0976.1396290178.12.25
ORH:slu9990000026000000026139686349913968638010000000001
GPR|9000|2|0|OR_RSLT_UNPROCESSED(0)|||slu999|1398290056|1398290057|1398290157|84912345679|GPRS_LOCATION|84912345679|0|||10|30025|3|90000|30040||84910299999|16|||123450|420|2||0|||m3-card|4001|1|0|4520200003500100||||||||||||||||||||||||||||||||||||||||||||||||||||||||||||||||||||||||||||||||||||156|161|164|||||84912345679|84912345679|0|1||||||
root@VNPC1RT-upm1 done]#

root@VNPC1RT-upm1 done]#cat 999.IPor.slu1.0176.1396853499.12.2
ORH:slu100000001760000000176139685349913968538010000000001
VOI|0000000176|0|0|OR_RSLT_UNPROCESSED(0)|||slu1|1410393600|1410393601|1410393620|8491239210552|84914993913|8491239210552|1|84102||1|0|2|10477|30012|||16|4520200003500100|0|0.000000|420|2||0.000000||||||||||||||||||||||||4520200003500100|-1|-1|52|0|||||-|O|||1|||||||||||||||||||||||||||||||||||||||||||||||||||||234|156|161|164|1||||84914993913|84914993913|0|1||||||
root@VNPC1RT-upm1 done]#