11100019008006
11100319008953
11100119008035
11100019009048
11100119008040
11100119008072
11100019009012
11100119008073
11100119009256
11100019008005
11100019009024
11100119009251
11100019008008
11100319008993
11100019009016
11100119008027
11100119008020
11100119008044
11100019008016
11100119009411
11100019009025
11100019008007
11100119008045
11100019009035
11100019009000
11100119009406
11100620001900003
11100119008036
11100019008011
11100119008033
11100119009409
11100019009098
11100019008012
11100119009288
11100119008059
11100019009083
11100019008017
11100019009042
11100319008964
11100019009033
11100019009043
11104519009483
11100019009044
11100019009027
11100119009415
11100019008014
11100119008058
11100019009015
11100119009254
11100019009074
11100019009006
11100019009065
11100019009054
11100019008013
11100019008004
11100019009014
11100019009057
11100119008047
11100119008023
11100019009080
11100119008054
11100119008053
11104519008661
11100119009255
11100119008051
11100319008911
11100019009040
11100019009041
11100019009030
11100019009026
11100019009004
11100119009216
11100119009209
11100019009093
11100119009233
11100119008075
11100119009224
11100119009220
11100119009408
11100019009021
11100119009273
11100119008031
11100019009086
11100019009087
11100019009039
11100119008074
11100119009234
11104519008668
11104519008085
11100019009047
11100119009422
11100119008057
11100119009436
11100119008077
11100119008078
11100119009202
11100019009066
11100119008028
11100019008001
11100019009017
11104519008612
11100019008009
11100019009018
11100019008019
11100119009287
11100019009036
11100119009230
11100119008034
11104519008665
11100119008071
11100119008076
11100019009013
11100019009063
11100119008046
11100019009003
11100019009029
11100319008922
11100019009064
11100019009050
11100019009070
11100019009001
11100019009011
11100019009008
11100019009089
11100019009059
11104519008636
11100119008049
11100019009094
11100119009424
11100319008925